
BEGIN IONS
ID=807
SCANS=1082
PRECURSOR_MZ=712.4592345948154
PRECURSOR_CHARGE=11
PRECURSOR_MASS=7825.971544379639
563.3557597347717	13566.242375598611	1
602.2717763597717	12249.779057554177	1
676.3864003832092	27679.908955343828	1
751.3769999691467	12505.577051281185	1
857.4628774339905	19758.99390293292	1
1002.4449931332092	8129.278335648941	1
1040.5622908289183	16796.68869634952	2
1084.5524031336058	12513.955653363239	2

6416.185616378174	2787032.1977522424	8
6658.308080378174	1852789.236717994	8
6529.267575034424	1502838.612162827	8
2035.1111428922118	2107396.2777063004	4
6315.143132909424	1227326.3995465487	8
6640.303696846924	770099.7867846851	8
6244.102612565674	519153.3558605554	8
5790.827067674652	443879.5199256319	7
6398.173897628174	507817.009866073	8
1296.6687361414185	612918.0573487623	2
4381.072294079712	463297.720411419	4
4516.142609634796	280258.4396800987	5
6622.276922811699	270390.9387837658	8
4623.200356767212	286719.0558294215	4
6529.266279944703	243163.95391785676	9
3309.7890866586304	290753.1649145738	6
3309.7919681855774	256081.79824387917	5
4494.160322704713	254827.2453362791	4
1068.556065242981	361939.25602345	2
1907.0179430832213	288175.00049852964	3
4280.026897923462	233272.2785143501	4
6298.123602659423	210921.34166415548	8
4605.187654454711	198290.1763620047	4
7565.7992208295655	156495.64993406093	10
6381.166565409424	182253.7792230741	8
4268.967621406104	1187380.234740282	6
3065.670254084015	157027.1935489838	5
4363.058627204711	118369.0035481916	4
7130.540203796265	131805.00837703454	9
3557.519521759796	1340815.2382156206	5
6511.251960034424	254196.6917894938	8
4209.990769110961	107893.95066066802	4
1167.6252781101684	177553.78508920642	2
3065.666787954712	90935.9364833724	4
6143.064632061699	167336.01986352322	8
1889.005131700409	108959.38592336318	3
7549.773966941467	95389.97409434152	10
2017.0977201578369	84587.69833927024	4
6279.134840128174	65189.85114219188	8
4498.134797134797	92486.93602371363	5
6398.175253276215	68297.24346934477	7
1870.9972701652528	99233.44259993953	3
6756.383744971924	76243.38036174978	8
6657.323447886109	107266.61817601204	9
6186.078783694184	58046.119790520366	7
6492.239763003174	72701.1808672202	8
6416.1798309129335	72925.06056589095	7
6227.104077409424	87073.19330507226	8
5772.806688932465	66361.45524446493	7
3212.743007990265	51989.19719987144	5
4260.013705329712	69049.70620279743	4
1274.681308383606	88919.1414738021	2
3291.7780411699528	51160.617891055495	5
4476.148617954712	58257.29960364311	4
3106.397577755097	74196.25931293663	3
6512.2083327723085	60873.74783102691	7
4587.169594048462	66524.85760788602	4
1801.975111403534	62256.86459070529	3
7782.904131937802	48255.43227868033	11
2017.099136841034	111946.59865712792	3
6271.083217260589	57696.372583355704	7
4381.059158646515	62759.95835375296	5
6252.063059992437	40770.533562486926	7
6316.126055940277	44598.72136431324	7
3181.5748423726122	54045.00844392855	4
6290.09053447934	31660.666293575152	7
6354.141272217949	52752.65131972929	8
1030.5593129808656	42849.51126181086	1
6225.095705801031	46358.61081329643	7
3331.5141353800964	33553.06307083792	3
3821.738367704712	47632.25426919304	4
4345.060570329712	42392.810591282585	4
6585.258378124198	36519.87753589867	8
1510.8000699230652	45868.86471885945	3
5096.420146300238	42967.28910481105	5
6640.28860781189	111329.95362714374	9
6493.208708983246	66650.82629199597	7
2917.601950981987	50246.637435819364	4
6202.0703940031735	33511.167156189505	8
1650.8144880945435	28569.268245862328	2
1424.7187849695435	190873.2450308414	2
3219.4735938931944	27088.243994390334	3
1492.7915388757935	48579.94442810446	2
4606.180134255889	25502.36303397371	5
1619.9049293215026	32996.702079393974	3
7129.492858485815	105500.08558599048	10
883.4900370785217	27534.305129695822	1
6365.163648596527	42704.93826279738	7
1999.0857701418151	32432.345476729082	3
1991.0873251812745	19211.697636953173	4
374.16059982266233	30671.861011013243	1
6329.173415346923	46276.58977981994	8
7111.3960873945925	553649.6570280679	10
3004.3420741314753	28479.52440097459	3
1492.7881690675965	25393.766914809934	3
6145.0528651213435	39308.11578060002	7
435.26075851406864	27723.372476828856	1
2937.572161825737	33522.81918043632	4
2481.345974381475	52535.24942777719	3
2371.515472010382	24830.297263356624	3
2034.1094161158503	30165.25925369093	3
1796.4627341414184	36975.11172340361	2
782.441759269928	19757.828159377037	1
3088.385865005097	24007.630753111916	3
2934.307373794159	24974.682845097428	3
905.4930769617309	32020.371683678826	2
4206.972709198675	20976.56436567663	5
2132.002639133606	30715.138807992153	2
5982.012804815674	30718.92468195693	8
2901.582084157837	24107.107487004934	4
1040.5631629640807	17895.927154454264	3
1274.6782084652405	23545.007231997122	1

2918.5969028262025	39878.50218012743	5
6567.258784971923	18101.83462672666	8
3047.656032892609	32189.25458305545	5
1843.9796720402528	18633.973258778955	3
6621.303825979066	20955.84049939184	9
5757.745837881684	20748.197026752558	7
4243.992709235962	13533.753953259646	4
1647.8964454347838	27888.11180117173	3


1116.843125457428	17127.76925229745	1



1139.6302711183778	19237.68865140989	3


END IONS


BEGIN IONS
ID=809
SCANS=1084
PRECURSOR_MZ=870.559191186632
PRECURSOR_CHARGE=9
PRECURSOR_MASS=7825.967235679078

374.15950118984983	8979.369598656653	1
435.2598429867249	13803.529919365963	1
676.385118644928	19630.305487980317	1
694.3955546566467	107079.0097060706	1
815.4352895433655	7746.166964446096	1


2035.10847021994	501787.6937292986	3
7566.802817284423	419617.7444629623	8
7131.540888534424	279555.97827485215	8
5790.820806802765	142249.25004948842	5
7549.775457534423	124797.0720363014	8
7131.53516410434	109028.58384484796	7
3309.788624126587	118602.32009083618	4
1907.0131823410338	144748.7908233121	3
7439.701756065673	113656.8675876653	8
7114.515009628174	91864.64533901094	8
2035.1069925015868	99352.61551268866	4
6920.440613612152	119566.7449932514	7
6658.299121084809	80617.61459817288	7
3309.7873905488586	109714.66055569593	5
4516.138838329712	78935.15582197034	4

6530.264597186371	46581.16288913437	7
6416.175266150818	57587.75706771354	6
6529.249656447693	41436.57893816529	6
6658.302368822693	52708.14521804989	6
5791.766655744568	102539.52096397447	6
2018.0924840090026	73602.11090737398	3
3065.668741079712	54368.88530384471	4
6418.182326354339	33248.81455734156	7
7695.895552721924	61816.72591723534	8
5530.677273448675	58411.05347384461	5
5531.691019263237	36404.08730166568	4
6315.123017057069	32612.425751118113	6
6641.285734719	37872.52122840263	7
6640.286266541443	42544.55689568134	6
6245.100563119568	29157.821060576767	6
7035.453944311371	41588.933000661935	7
7530.749107346924	40404.57371605722	8
1274.674912566803	33977.845026546005	1
3212.7371004547117	28118.584694151123	4
7114.499580608246	39721.906849697705	7
1889.0033006457215	22849.72752558961	3
6398.173068885193	30438.74060684039	6
7677.842340065674	29156.243599273806	8
3291.7712791422123	42520.469125352334	4
4885.3361003609625	26698.810791547705	4
4624.194985673462	26496.167622612666	4
4623.183340833221	22693.508131082344	3
3181.694623985962	30163.212025509456	4
891.566514129303	18900.941836155343	1
6903.43708257309	37948.25659519331	7
5097.433281763238	66518.55561752556	4
7420.696394971924	19298.43576109237	8
6622.24557646079	24582.848006873443	6
6297.108369619567	28255.217462659086	6
1030.556749504303	19650.083353761493	1
3309.7918718644714	19885.405885954515	3
4722.250631735962	20372.06643647957	4
7438.68559462387	42021.58568922275	7
5080.424501700737	12218.125405109942	4
1870.9925094230653	16307.482415509576	3
6739.293853061371	19655.521415262658	7
6756.36225567954	20107.962512118636	6
5772.779279229925	18583.61054678323	5
4381.067942791632	15579.588745055575	3
2937.578906329712	14252.678362503666	4
3786.903016919487	45776.71443670212	4
1993.083004559784	12107.30163862013	3
4256.987338142212	10734.073915454584	4
3290.7752335527653	12949.865365226997	5
6884.415201320563	15524.379847719432	7
4128.904670380096	10206.602977760595	3
4517.144196548858	17395.083665422666	5
2035.1125114148558	17195.046191883554	2
7096.462083355718	19617.993366028226	7
2303.099074680481	7483.644626291369	2
1167.622226352356	7904.419519777939	2
3071.514133236944	14373.522168998805	3
1801.9679702902527	8548.939781670846	3
3291.7687895754093	12924.308808256425	3
1296.665684383606	12835.758536710071	2
5660.767569479925	14539.085688769497	5
5403.596146357451	13498.897649766352	5
4258.006821231659	12987.942087675321	3

7015.463962076996	17756.71309576136	7

4281.015863434784	8993.716690018913	3
6398.1671356004335	13254.71526364713	7
1001.493271941803	9269.640852227561	1
2248.057568774231	8159.196691827451	2
1409.7477146336062	6592.544866200527	2
6380.151410898688	7425.325714465032	7
7003.4617748113715	25330.90094102791	7
1177.6223002621157	7964.596977942541	1
7662.824761940674	26756.23540157183	8
5096.413000567597	5656.6455418319065	3
7565.789569530121	10261.59131857256	7
1492.784825008606	5414.577894016232	2
6268.075905916442	4713.525772137305	6
6512.257082070166	11536.392173220072	6
6723.346455366058	8504.323213587815	7
983.485947723053	6888.952425375188	1
3162.666306673462	10132.171009154124	4
1427.018419426178	3863.29250230657	1
2348.2823573800965	9683.293500502132	3
6010.023222541443	5264.9119491121955	6
6381.175746432068	11331.954043300058	6
1080.9146596605528	5595.556456747974	1
7421.670071027594	20073.413679044574	7
1044.1840688402403	4742.485522782068	1
3704.810390189087	5231.260705977845	4
1096.0228139574278	4942.158018917027	1
1125.281603019928	5078.037989172909	1
1068.5544783289185	5416.6668010156345	2
909.445177238678	4473.311413067017	1
3195.710978407837	7924.784005906193	4
944.8481313402405	8775.149525848172	1
6550.390440678559	7270.127108336199	7
1061.025011223053	5527.586343546975	1
3804.743202356659	6981.160923321238	3
5451.937951726415	6048.873471925422	6
2018.0711345789184	7437.740034648595	2
4487.184828200738	8335.832749544034	4
1435.805575961731	5736.994592028155	2
4494.127681770722	5707.425391885816	3
6314.142352326996	15803.378413547829	7
5689.519487361756	5918.489100177512	6
5404.603635919487	18964.3101838266	4
3181.015986958221	7797.898434540466	3
6496.9676101160585	7975.567551568297	7
1919.9575615515062	9760.404368784202	2
1838.9102269070434	6748.329072587032	2
END IONS